190 ⁴ Hebdomada Ι.

30 01 Ρο110 3110 praefixum advenisset: 1111111 01110111 0111011- ’
10330 tempus adimplendi mysterium 110111000010110111111101113,
seque 111110 1101100111 111011011111111111 3011110.

1100111010, 01111110 mea, quomodo 0111113131113 3001010111
1101101 11111310 111101111111111011111111 31111111 11301103
0111010111 1110110 1131010111 10010 1.Η1111 1311010 11131111 ’
011, 11 1111 11113103 11111111111111Τ1011111031000111113 31111111
00111111010113,’ 111100111001111111 111113 1101 1111111 1111 0101111111
1113131110011131111110111110111110111110110111011111111110111111
10111101110111111 3011010 proauum 1011011110 passionis 01
0011100111111 010011 1111110 13 010011 1111100111111111,1 111110, 110 11111-
11110111101111131111111111111110011101110111100101011130111 3111
10011003 1001111111 1111111 101101 10110 0011110300 piena ipsis
1111011 1010 10110101 10111 (1110110011 11101111101 11·10101110111111011111.

011103111111111101101031111101111111111111000111010,
1111010013110113 300101113311110111 0011103101 011111 1111111111101
1001110111111 11011010, 1111110 011 10111111111011111010 1111111 1013.
1130,0303111111101111113111]1111011113131111131101101111110
130 3111,1111111000011,80110111111110110111131310011031110·

hane, quam 030 11101111, poenam 1110 11101111131111110

0 3111110111111111 amoris excessum! 011111111111101111111111,
0 Jesu? quid 0111111, 1311011101110101111110 0111011, sauguinem
1110 3011311100, 1110011110 11101

10101111 ΙΙ

11111101101011013311100111111110010101131311, 011111
00011 111111111103 0011 111011110103 101111001111100111110001111111
-03111111101101111111111,1310111,11011111110011111111,111031011111111,,
pedi 111113 0011 1011100111 011011011131113101 1011110111101111111011οΙ10

· Ο1111111111110003110111111010011111111101101,1111110113
30 ped 1113 3001010113311110111111 00100111 qni in 11110110·
10110 31111311311111011111111111111 00 0101111110 June 111011-
11331110111110111110111151110113110111Ι13111111111111,Ι)111,13011111
101111110111111 11111110111111111111ὸ 10113111111111111011 1111.
11311000.)11111113111111110111131311111110110111 11110100101

01 011111011101111· 10 0011111. 110 11130011331111113 semper 0311113
11101311133101101100011111110111111311101111011101311011011130111
11101110011111101101113111010, 000101111131011111110 1011011 11111
01311 111111111011011111110111101011011011 1110110111111111113.>

 

