611 ¹ , Hebdomada 111,

1111111111111111111111111111111111.

1111111111 prodigio 1111111111111111111111. ,
11111111. 5, 11-11.)

1151111111

(1111111111111111111111,11111111111111111111111111111111
11111111111111111111, 115111111111111J1511111'111 1111111111,1111111
1111111 11111 111511'11111 11111' 1115 151 111111 1111111111,5 15s1111115
11111111111, 11511111111110111110111111¹11111¹flt111111111115: 1151
11101011111'11111.
’ 115151.111111s1111511011 1111111111, 11111 11111112 111111
111111111111111111113.811111111111111111111111,111 11111,

111111 11111111 111111' 111111. 5 D11111 111111111111111111111111
1111111,11111111111111,111111111111111111111111.

Γ1’1111111111111111 1111111111 11111111111111 1111111111111111,
11011011101111115115111 11111111111111,1111111111111,11111111 1111
50111111 011 11111111111111. 1111111 1100'1 11111111 1111111 11111.
S5110155 111111 1101155,1 11111111 1111111111111111111,111’1 11111 5011111 111
1¹¹50111151115110.11151111551110155 1111111111 1111111; Ego
1111111111;11111111111111101111. 1, 2.)

(11111111111111111111111111111111)111111>11,1111111111111111111111

515111111011'5 111111119111111 11111111,1 1111111111 111111111111
115111511111 111i15' 1111111111 11111111111111111111111111111111,

1111111111,11111111111111111111111,11111111, 11111111111111,Ι

11511511155151 1100 55 5 11111111 1155 1111111111111111 11111
111111 1111, 111111 111111111111,1111111 1111111511115111 50111111
11111111111111111111111111111,11111111111111ο111111111111 11111111
51011551115111111: 11111111111111,11111111111111111111111111111-
1111 11111 111515115111110111111, 505 1111111 1111111111, 111111111111111
11 1111111111 55111111111 1111111 '¹15111111 111111111111111 1111111 11111111 11
sing-11 dormire, 11111111 11111111111111111111111111111111111111 15
111111111111111111111110111111111111111111 1111111111‘0
1111111111110511111111111111111 1111111111.) 111111
11011 1011111‘11'111 1111111 1101111 11,-11111 1151011‘1 11511111.
11111. 1211, 1.)

Ego 1111111111 11111111 111111 11111, 1111111111, ex 1110111111
1111111111111, 1111111, 111111111111111111111111 1111111011
11011 1111111111 11111. 1111111 1111 50111111 1111 1111111111 11

 

