288 Hebdomada

155111, 111115 ’55115115511111 1551111551 1511515, dum ·
1155 1111115 1151115 11151115115111 celebramus. 11151115 1151155
155515151111111515551111155111111111, 11551115, 11115111 555115511115
5511115151511151111511111511515 151111111511115 5555 5511115
1111151511115111551115511515 151111511511515 55111, 111 1155
15151111 115111111551551151111151515111, 5151511151 1111511

1511111515 suavissimae 1151551511115111111151115Ο

1111111111 111.

151511 111551 5155 Christ 51115 155511551151 115111 5115111 11155
’ 111551515115 5111151111115 1151551151111151155 aliisque 55115115
515115111155,11155 5551155555111551 5511115 5111115515111
1151151155. 115115 5515111 1115515151115111111511111 1., 55111111
515115111151511 1115551115, dum 511 15151511115111 11151 15511
11515115115111 suam 5511115115 desiderium ungendi 5511155
Christi 1115151511111111551 15515111 5511115111, 11115 5111515 155.
11511 5151.2.1)1111’1155115 515115511511115111 5115 5515
Ι15111 11151151511115111 5115111111511115111 1111115151111111111515115
obsequium 5115151155511511155, 1111115 (11111-
cauam 1111 111511115111151511111. 115551115111151111511115111515
11111115115111111515111 111115111151115155, 1111111511 1115111
5515151111 5551111511111151 111511555111011115 51115551 auctionem
1115 1511115 51115111151511115515511151511511155 551,
11115511115155551115. 151115155111111151155515, 5111·
15515115151511)

11111111551551 115115 5115111 1111115111 1151111 ² 1551111
151155551551111511511151111151 51155 51111 1511511551 11115-
minimum 515515 15111 (155515155551 515511151111·151
5151111115115151111155115151511115551511155111551151111511111
1151115151111511511 5111515 5511151151111151 5 1·111511 55515511-
bus 5111555 551511151151111111 1111515 1111115111 511 1115 111- ’

1155111111155151111155551511115111·51.8,1111.115111Ο
5511511155151155 11555555 551, 51 555155111511 111511115 5511-
551511511111115115 551111515 1155 5111515151111111515 55115-
1111115 511511111151115,15 11151 5511515151 5111 11 1511111111111 5511511515-
1111151 11551111511155 1155151515, 11151 55115115 5155151515111
5111515111.

911511115115515 1,11 1151151555,51511115111515511111111511115
1111115111 5555115111 11151 51111115515511 15111111555111
1155111155 111555115511111111151 11511 115

 

