Septuagesimae. ⁴ ” 133
Ηο1111 1111111111 111111 111111 1111111111 1111111111, 111111
1111 1111111111 1111111111 1111 1111 1111111111111111111 cognoscam,
111111 1111111 1111111111 1111111111 11111111111111111111
1111111, 1111111111, 11 111 1111111111111111111111111111111 11111111 111
111 5og11055511da111 111111111111111111111111111, quam 111111
111111 jan] 11111111111111111111111. 111111111111111 1111111 1111
111111111111111 1111 1111 111111111111, 1111111111, 1111111111. 1111111
1011111111111111111111111111111111111111111111,11111111111111
11111111111111111111111111111111111111111111· 1111111. v

1111111111 ΙΙΙ.

Christus 1111111111111111111111 1111111111 curando
fatigatus 1111111111 11111111 11 51'15'111115115511'5, 111 111
5. Na1555 (111, 11.), 1111111111,1111111111, [1111111111111
11111 1111111111, 1111111111 1111111111 1111111 1111111111 1111111-
111111111111 11111111111111111, 1111111111 1101111111 111111111111
1111111· 111111 1111111111111111111 11111111 1 1111111111111111111111
115111115111151 111 11151511515555511 ,impransus
51111111 1111111111 1111111111 511111111151 11011111111110510115.

Ε11,111111111 11111,11111111111111111111111111111111111,
1111111111 1111111111111111111111 1111111111111111 11111 111111
11111111 1111111111 1111111111 11111 1111111111111111 1111111
quantum 1111111 11 11111111 1111111111111111111, 11111111 11
1111111111111111111111111111111, 1111 11111 11 11111111 111111
, 11111 11111111 11111111111111111111111111111ο·,111111111111
11111111.1111111 Hanc 1111111111 1111111111111111 111111111 11
1111111111 1111111111,11111111111111111,11 1111111111 111111111111111111

1111111111 suus 55, 0 1111, 111 11111111111111.
11111111111111111,11111111,11111111111111111111.[11111111
111111111111111,1111111111111111111111111, 1111 11111111 15,
11111111111111111111. Τ111111111111111111111111111111111
11111111. Nunquam 11111111 1111, 11111 11111· 1111111111
H1115 111111111111111111111111 1111111111111111·11 11111111
11111111111111111111 11111, 1111 1111111111 1111111111 1111111 Fac,
111 11111111111111111111111111111111111111 gnatusque. 551, 11
111111111111 1111 11111111· 1111111 1111111111. Ηο1111111
1111111111111111111 111, 115 1111111111111111111111 1111 1111111111
1111111111. ·

 

