231 Hebdomada

0111111111111111 1111111111111111111111111111, (11111111111111111
111111111111 11111111ῑ1 111111111111111111111, (11111 11111 1111111111
111111111,111111111; 11111111111111111111111111111111111111111111-
111111111111111111 111111111111 1111111111 1111111111111111111111
1111111111,

F9119 11. ’

· Jesus 11111111 (luobus 1111111111111 11111111111111 1111111111.
111111. 21, 19. sq.)

191911111 1.

1111 111111111111111 1111111111 11111111 111111111111111111 1119
1199 11111111.- et 11111 111111 111111 11111 11111111 9919 11111111·
11111111111111111111111111111,1111111111111111

11111 11 111111111111,11 1111111111 (11111111111111111 111111
1111111111111111111111111111111111111111111111111111111111111
811111111111111111111111111111111 111111 191111910
111111111111.”1.’(111111111111111111111111111111111 111111111111111
1111111111111111111111111 11111 11111111. 2. Mos 9j11s 11 1111-
111111111 11111111 111 1111111111 propediem subveniendi
111111 11191111959111: 9919 ipsissimi 111 1111111111111. (1991-
99 ,191 3 9919991 11111, 11111111 111111 91 11111111111111111 11
1111111111111111111111111111111111111,111,111111111110’111111
11111111111111,11111 1111111111.111111111.18,’10.1

1191 11111111 11111, 911 111111111111111111111111111111111
1111111111, 11111111 1111111111 1111111111111111111 1111111111111111111,
11111111111111111111111, 11111111 111111111111111111 11111 111
11111111111111,1111111111111111111111111111111111111111
1111111111 111111111111111111111111111111111111
1111111

Ex 111 11111111111111111111111111111111 1111111 1111 11111,
111111 11111· 1111,1111 111 1111111111111 11111 11111111111111 Ah!
11111111111111111111111111111,1111111111111111111111111111111111
11111111111111111111 1111111111111111 1111111111111111 11111111111111 81-
1111111111111111111111111111 11,111·111,1111111111111111 111111
111111111111 11111111111111111111, 111111 1111111 111111111111111111
1111111 111111 1119: 111 11111 11111111, 111 mihi: 11 11111111
1111111111 1111111 11111111,11111 11111 1111111111 1111111111 11
1111111111, 1111111 111181111111111 111111 11111111111111111,

 

