336 Hebdomada 11’,

311111113313333313133133 33313, 333 13313111 ,11131313111111
, 113 3111111 331 3311111333313111111 33313 33131111133, quo
, 3131131111 ,13311 10¹edd111u113 beneficio? 311111 11113 1311113
3131113 311113111, 11311111 1,113 131131133 3131113 333133333311
Tu, 1111 iesu, 13 331113 111311 331113 3131113131311, 331111311,
1’1113313311. Τ111331113113133133· 33, 3111, 113 111313131131111113, ,
111133111,33 offerendo 313 331113 Ρ31111 1133 3131 11113111
actiones, 1131113 vero 111331133113 1111331331, 11331133 3113-
· 3333111313 3113133111 311111 1111113 331311 proposito, totis
viribus 13 11111113311133111, ut 3 1131113 331 3111113111 111331
glorificetur. ¹

1111111111 1.11

3113311313331133111Ρ3131331311131111111111138333-
1331 1131111 8311111331 1131111111 113111313111.1313
Christi 31313133131, 3111333133, 13131331 101 noster. 113
11111131113311113331313313 Ego 1ogodot 1211111 11111. 3131311313
Po1110i1'11 111111, 3111133311 tu111, 3333313 313111 3331133113.
21101101 et 11111g'13t61 ,3111 doe 11113 3131311311 3111-
31113131 3133313131313 31111113,333311133113 1111‘1
1133313113. 3 13313111311333111113, 331 131111011111111p1011
1131 3131311110 310110111 15, 211131 ejus de 33133313311-
111311111111 33111111113131. 1. J11d11,1 qui 111 1111d1111 1111 011 1g'11111

1133331313113111113111111311313 311111133 3133113113313-
t01¹e111 33113111131311111111113.

31 31 111, 3311113 11133, 3331311111311313 Sancto Spiritui
33133311113111331 3313113133, 113 1333311313 13 13 31133133
31331 ¹3i1¹e1¹i; 1113 3111131313 31313311 111 3311311113, 1333313131
111 33131313, 3113131 131111 1311311331111131111113, 311311313331-
1133, increpat 31 331113111111131331111113, 1113311331 13 tenebris,
11111311111131311131313311111111311.

1331131131, 1e11iS Spiritus 3313131131 potentissime,
131133131313311133,1111313311111111333131133113313113

3311131 11331333131333,1111331113111331311313, 3311331313
13 3111131 1311,-11113 11131113111 311131331113. 113111, 11131313
1111113 33311111311313 doce et 3111313111, 311331 3333331313 31
3111313 331 oda 331 31113 113313 31331311311111133111 sanctis
cogita 1113111133, 11113113311111111111111 313111131111131 1131313331 111
3311111111,113 3111113113 331113113133313 331113 1113313113.-
1113333111, 131 33111111331111131 11111

 

