124 . ’ V Hebdomada

1111111, 111111111111111111111 largiris 1111 111111111, 1111111,

11111111111111111111111111111111111111, 11111111111111111111111,“ 111- ’
1111111111 1111111111 11, 1111111 11111111 1111111111111111111111
11111111, 111, 11 111111111111111111111111111111111 amori,
111111 11111111 11 11111 eorde, 11 1111 11111111, ex 11111
11111111. ⁴ =

40401011 111.

’ 13111111 111 111111 operarii. 1111 mercedis 111111111111
offensi, 44444444444444444 1111111111 1111111111111111111. 111
¹ 44444 11111 144443 4444 4044 4444 4444: A4444'44‚4404044f4444'044'444'
< 4444 4444 44444 40404443444444444? 4044. ’
444 4404 4444 4444 434 4.4444444 4040 044 4444 44 44444'4 440443344 440
444434'4444 444444. 4444 40444444 4444, 44 04 400 f44444?
81111111111111111111111111111111111111111111111111
1111111111111111,111111111111111111.

11111111111111111111111111111111111 1111111111 1111
1111111 1111111111111 110441104 11011 serutari 1111111111
111111111111111111111111111·11111,«1111 investigare, 011r 11111
11111,111111111111 111111111111111111111 1111111111111111,
, 11111 111111111111111111ε 11111111111111111111111111111, (11111111
· - 11111111111111111 111111, 11111 11111111111111111 111111111111111
111, 111 1111 11111·1111111111111111; 11111111 ΟΜ111111, 111 1111 11111
51 1111111 11111111 111111· 11111, 1111111111 111111, 11111111111111111
111111 111111111111111111 111 11111 111111 111111 excelsae
1111111111111 vocationi: 1111111111 imperfectos esse 1111111
11111111 1111111111 1111111’1’111111111111 1111111111 1111111111,
11111111 11111 11 11111111 11111111111111111 1111111111, 1111 exiguam.

P444 444 1111111111 11111111111111111 1111111111111111111111111
1111111111 11 11 1111111111 divino consecratae 1111111.
44044144444· 111111 1111111111 1111111111, 11111 11111111111111
1111111111 111 perfecti 10111111001111111.11 Nih 11111111111111111111111
1111 11111111 1111,11111 1·111111111 11111111111111,1 11111111 11111111-
111111 1111111111, 11111111111111111,11111111111111111111

11111111111111, 1111 111 1111111111, 111 11111111111111 1111111,

11111111 1111111111 111111111 1111111111 111111, eorporis 1111111-
111111111,111111111111111, 11111111111111111111111111111111111111
044414444444 44444444 4 fr 40 304444401‘44444 44 04444 444 4444 44444'- ’

11111111(1111111111111111111111111111111 111 111 11111111

4444 441444444 444 1111111111 444344'0443.i11 111111111111 111

 

