pos4 Epiphaniam. Ι 111, ’

10001011ιί 10011110 044444 4440 440444'440 4404 004444

404044 11011101. 4444) 111 444 11111110 010 1111110010011,
magister 11111 1110, 00444 0111101010011110011001110ιο1101100110111
11110 11111011111110010000000111101011010110 00081100
440400044 4404444 4040004404004440444 11000102010101100111
00440444 11110111 101101000101 01111110, 0100111 110110111110001
0001101001011011110010,0110011001,1111010000100111110110
010 1001 01110 1101000111 10000 1111111 1011οο 1111110100 04444 44‘
44444044 1000111100 1110 1111111101 111100 1110 11000001 001100010 01
100110 110100 1111011110111110011011Ρο101111110, 0101001110
1111011,111101111’1101111101011101101000011001101 000110. ’

130110 444.

Ρο10 0110100011110010 04414044 1011101110.
11111011.5,10-111

8011111111101 11100100111111111111 1001 0100101Ι
44044,0 ,00111000

404044444

De 444444404044 4444'44‘0044444'. Vos 00 40 4004 10000011
0111101 1110 011 1111001011000,01110001111011,1111 0010111οο
0 0011111) 1000 001101 00101110011110 10111111 110011101111111011
1111 0100010 01101, 01111100 111 001111110 0011010011010 0001-
· 4¹44p440440 44440444444, 00011110 0111111100 0111111110 1101010
110100 01110010 1100111110 0110, 1000011100 0111010 011111οἰ0
11100 0110011111ος 01 0111111 11010011 1000 0000110101 1000110101,
011011110 01100 011101011101 1010101001111001010101, 00110 1110101,
11110100111100011001100010000100,100101000001001000·
01 110001 4'444'4440 0110100100 01)οο 40404 0444440 0444444
001000 0011010, ’

91101101 10110 0010011 0110100111000100, 044444, 04
0000 1101100 001 000 0444404404, 444004400434440, 4040440444444'440,
11110 1ηο 0101000000, 1111011 000100 0011110010111111101101111
04444044' 440440444 404440 04 044040 1110111111 00101001111011101011111.
111 0110011 111101 01110100 1101100110 0110101100 11101111 1110110010,
01111011 44'4 0101,0011110011101101111100111000100 01101 0010101101
1001110 011 0110111101 01101100 00111110 10101111 111101 01110100

 

