142 Hebdomada

511115, 55 01111111115, quae 1111511111 seminis 55151111 divini
possint impedire, obstaculis 11115151,

707777077

7777777 4444444444 44444404 1404 444044.Ι 44444 44444
444444 44444 0777 44441444.. ,777 544444 ,444444 4446104444 14044044
0444 44440 44 44444 4445 044 1444444 4444444444 44 f777777 77777 144444 44444
44444444444444415141155111144444,1111115114115,1115111155115 *
¹ (13, 2314444445 44445440445 777777 44144144 44 7g737'777 7777777 .

Extis (1111511 1511115 111151114111115, 411011, 5151111115
sunt genera 110111111111 ob 1115155 5115410511 1011551 511 55 50515515 ν
5511151151551111511111111,115115115545115155151,51141111111511111
515011515111111 11110155, 55114444444455514151-155
1101511 151151515,11115111111 15111111 mediocrem, 5511554115
laudabilem: 7. 5111110151]44404414444451111511111111111’51
4151154101115 3. 11511111111111510 51 5511155111111151151111155

5144444444151511111, 411111411551111111111515110115511155
1141511151 151115 011111 benedictione coelesti 115] 11511111

1111111511551 11115 5111111115115115 55 5150151111 Quem
tu 1111511111 hausisti 511015515115 cogitationibus, divinis
inspimtionibus, internis gratiae motibus, 41155 0111115 15
1151151511 551 011115110111111, 551111451111111411, 551110114-
ficationem 5515111111, 551 51115151110151101115, 511511111111511
sanctitatis gmdum? Quod 51115510 ferventium, qui
551115511111111 15151511 11115111111, 11111115101011115115, 11011
vitium 5111 eulpa 151155 551, 101155111115, 1154 551111511115,
’ Oe 115 5511 7000770777 4511415555 55151155115111, 51, quam
1151551454111151151,1145111515511111111155451151551151511
habuisses.

Numeras 11114115, 1111115115, generosas ejusmodi 51 ·
1515155 511111155110111511555, 41155 51111114105100104105511111 ’

5115515, quod 4444 70 770 111 11115 04444444 14044 f 77 44 Ο
411511111111111515 gaudeo! quam 1511555 aestimo 111551 1111155, ³

01151151115111111411511111155 151155115011,5 4110515551511
1111515111 1151 11115 5111111155 510115 155, 5111151111111111151115
1511111415111151 augeatur 51’11]111155501141511551,’41155 ⁴
101111114151155 11115511551111151111111101111511.

 

