Sancta. 271

11111111 11111111 1111111111 11111111,1111111111111111111111111111111
1111 111111111, 111111 1110111111 111111111111111111111111111 1111111111
111111, 5110 1111111111111111111 1111111111111. (1111111111011111
1111111111111 1111111111111111 1111111111 0115 11111111 11111 5101111510
11,(11111 111111 1111111111 religiosum 1111 Dei gratiam 111
1111111111,’ 11111 1511 1111111111 11111111111111111111111111 1111-
501151 11“11 11111111111111 11111111011111111 5551: 51 1111 1151-
111111111111111.1111111,11111111111111111111111111
5:110511' 8111111111111111111111 111, 21.)

51111111111111111111111111111111111111111111111,11111,
1111111111111 1111111111 55 1111111111. 1111111111111111111
111111111111111111111111111111111111111111111111111111111111111,111111
111111 111111111111111111 1111111111, 1111111 111 1111111 111 1111111 11111
1111111111 1111 ago, 11111111 11111 11111111 111111111111111111111
1111111111111111111111111111111111111111,11111111 1111111111111111111- -
555510110 1111111111111111111111111, 1111111111111111111111111111111 01111111
111111111111111111. Quam 11111 1111111111 11111111111111111111
11111111111111111 11111111111111111111, 1111111 11111111111111111111,
quod 011115 1111 1111111 1111111111111111111, 111111111111111111111
11111111, 111111 111111111111111111111111 11111 111111111111, 501
111511111 1111 1111111111 grafia, 1111111111111 11 111111111 1111
1111111111

5111151111111. -

5111 151115111 1111111'1511 111101111111111, 1111111111 50115115
111111.111111)111111111111 1115-155111 1111'11'155: 5011
1111111111111111, 1118111111111111 11111111, 1111111111. 111
81111 11111111 11111111 1111, 511511: 1111111 1111111111 10551‘1‘11151110
1111111111111111111111111111111111111111110111111

Tunica 1111111111 111111111111111111111111111111111111
111111111111111 111111 1111111111 111111111111 1111111111 1111111111
11111 1111 1111111111, 11111011, (11111111111111, 11111 1111111111 11-
1111111111Τ1111111111111111111111111111111111111,1111111111
111111111111 5 1111111111 1111f5151 1111111 11,1111111111111 55101 111111 151 1111111
1115111211

55 01111511 111111111111111111111111111111111111111111 11111111111-
1111111,11111111111111111111 1111111111111181111111111118111111 5011-
11 111111Ι 111 111111) 11. 11111111111111111 11111 111111111111111111ἰ
1111111111111111101111111111111111,11111111111111111111111111
11111111,111111111111111111111111111111111111111111111111111111111-

[1111111111 111111 111111, 11111111 divisio 1111111 11011 1111111111,11111

 

