post 1Ρ1150110.

51110 1111151000,111001111011105’5111010111111 10110010, 0115511110.
111 00010 01110111 11111111111110 110010111111 11011 dividit 5111
011100111111 01 ,5001111111 01110115, 5001 singuli 10111111110551110111
1]“011111·.1111001111010511011111111101 111011 1110 11011 11111111111111,
5011 011101 concordiam, 0111010111 1111111011, 10111111 11011,
- 1000111111,1011111101.110 05111111111011111110100510558101111
incolas! 1111110010 11110111 ordinas 10111051, 011105 01
familiae 111 10105 11011511011111010111505.
1111111110011011501110115111111001110111551111111111111
01111110111151511110011101155111111101111110 1011101010 00111015
uinculo 01111105 Ecclesiae 11115 1011110010, 11101111105 110111
5101111 0111110111 111101110110111011111111Αο11139.)
Ρ1000111110 01110111 110, 111 110001 1111111, 111111,5111101111111Ἰ
01011101101001 111101· 11105, 01111 singulari 010101101101101 11111
511111 00150011101111101110111 1115010111111500101110111050110

· 10111 01 angelicam 11101110111111 0011110111 vivendi, l101²11n1

0011 11010111 100 aequalem 0011101101111110 angelos 01 saucios

infer 50110110010111111. 11111115 1110511 111105111 51110111
111010011111151111110511110101011110 101110.

8010101110. ’

1101110110 0011011501 1111111100 11051 1051111·.00110110111
’ 1111111111 1.

Ε55011110-115 gloria 5011110011111010 01110100 0011515111 111
01010115101101]01;1·101 110110 0111111 Deum 1105510101, 011101,
11100111101010011001111110111101100101111101010110011111111100,
110111001111 ,11110111101111 11510 1111101111 1010101111 011111110011110115

111011111 0111111110 1101151550111 11110111. 00111051 0115 01110100 ·
11101111011105 50101110101100 511111Βοοτ 111010010110100010110110

101101011100110101010111111(11100011 00 0000111110001111010.1110 ,
11101 1100115 011501101111 11510110111111 111110 05501111001111111111100,
1111111 personarum 01111151 1551 111100 11111110111115011 imeffabili 111111
, ejus perfectionum 1011111105 insolubili unionis nanu
1011111011 0111111100 0115111010,01010111001110101)01 0111110
10111101101110 100111011510 1011011105 1011111010111511101111111111111,
01111110111110011101111110111,1,1110 5111011101111105 051, 111-
011110111, 110 111 1010 iniret 111 1000110111 Danuui 5111.
11101111. ²20, ²21.)

 

