¹ pos4 Epiphaniam. ¹ . 79

1111111.) 111111 1111111111, 11111111111111 1111111111111
1111111111111]11111111111Γ11111111118111111111111111111111
511111 1111111 1111111111 44444444445: 1111111111 11111ιί 4444 vis
11111111(11111111)11111111111111111,11111111111111111111,
11’111111111111111111111(11111111111111111111Ι 111111’1111110111,
1111111111, 11111111, 1111111111 1111111 111111111111111111111111
0444 4444 111 f444444? 1111111111 111 4444 44444 111
1111111111, 111 1111111 11111111111111111111111111111
11111 1111111111 11111111111111111111111111111111111111111
111111111111111111 1111111111 11 111111 1111111111111111111111.

0111111111111111 1111111111111111111111111111111111111 .

11111111111111 gradum 0444444: 11 1111111111, 11111111111111111
Christum 1111111 1111111111111111111111 111111111111111111111111111
1111 esse pauperes, 11111111 11 111111111111, 11111111 111111
1111111111111111111 1111111111111 1111111111 1111111111, honoribus,
solatiis, 111 1111111111, 111 11111111111101111111 11111111111111
111111111111111111111 11111 11111111111111101111111 crucifigi 44
01111111111111111111111111, 1111111 1111111 1111111 ipse portavit.

1111111 1111111111111111 1111111111, 1111, 1111111 111111,
quod ambobus brachiis 1111111 1111111111111111111111 Eg0
444 11111111111111 1111 11111111 11111111 4444 1111111 11111111,
11111111111111111111111111111111011111111111 41444444
1111111111111111111011111111111111111111111. [1111111111] ’
11111111111111 1111111111111111111,11111111111111 11111111111111 ,
1111111111111111111111,1111111111111111111111111111111
111 1111111111111111111111111111111111111111111111111111111111

131111 V.

111 11111111 (11111111 1111111111
11111111111111 pag. 45.)

‘Fama VI.

, 11111111111111111111111 1111111111 111111.
111111. 111. 111.)

4444444444 I. ,
J 44443 4444444444 '4⁴44 44444p40 044444444448 . . . 44 444444f444'ssei
044444' ‚44444444444 444 1111111111, 04444444 ejecit 444 11111111,

 

