Quadragesiinae. 181

1111111111 11111111 11111111,111 111511, [[111111 111111111
11111111 111111111111 1111111111111111 11111111 1111[111 11111111
11111111 03133131311di⁷ licei 111 11111111 1111111 314013103114
11111111 111111111111111 1 [11111111111311111111 N011 111i110133
1111111 1111111, ([11111 111111 11111111· 111111 11111111111-[111-
Ι11111 ’ 31331i03111 11111111 1110111111.

Τ11111111,Ρ1111111111111111111111111111,1111111 1111111111
1111111111111111111111111111 11111111111111111 111111111,1[111111
1111111111111111111111111,1111151,111111111111111 Aut
3111 3j113 [111111 11111 11111111 11111' facis 111111 11113131 3111
1111111 111111111111111111111111111111 11111111 1111111111301135111,
111, 131 1111 30 33 1111111111 1111111 lis p13333⁹ T11131 1111 ·
11111111111111, 1111111, 11 1111111111 Filii 1111 1111 1103
1111111 11 11111111 i11'311011] 111111 111111, 111111111111111 1111
11111111111111111111111111111111111111111111111111. 8
[1111111111111111 111111111,11111111111111111 ,1111111111
1111111

133311111 111

S111g3113 1111111111 111 11111111 1111111 111111 111
1111111111 1111111111111111 110111131133 1111111111 11111111 ,
1111111111 311111111155311341611'3 11113'113 1111 111111 113 Z1'011111'1
111111, 1111111111 3311110113111 11111111, 111111111111 11111111,
1111 1111111111 111111111111111111111111111 1111 '33131113

1³33 111111 111111 1111111111 1111111 magister 1111 11111111
111111111111111111111111111111, Ν111111111111111111111111111111;
[11111111111111 0i1111i3. 111111 ipse 0131101113 1111111111 11
1111111111, 111 1111111111111, 1111111 30301131 Ρ1111 111111111- J
bilis 11 1111 [1111115 11111111 1’11111111111111111 311g3i1311i.
11111111111111111111 destitutus. 1111111111111 1111111111,
31103 111111 11111 11111111 di33i1t111403, 1111 11111111111

1111111111, 1111111111111111111111111111111111 11111 111111-
11111111 1,111

0 13331111113113111 11 1,1111111111111 11118111111111 111111
0 1111111111111111111111111111111111111 0 01333idi11111 11
1111111111111111111111 Ah! [[1111111111111111111111111111
111111 331111 111, 1111111 1111111111 1111 [11111111 extinguere
’ 11111111111111111111111111111111, 11111111111111111111 111111111·11[111,
111 ([111111 11111111111111111111111111 1,111 [1111111 11111111

 

