11111 Hebdomada 1.

15151511 11.

111111111111111111111111 1111111111 11111111 1111111111 1111111
111111 1111111111,111111111111Ρ111111111111111 1111111111
1111111111111111111,11111111111111111111111111111,1111 11111111-
11111111111111111111111111111111111111 simui 1111111111111111
= 11111111111111111111111,1111111111111111111111111-“
’1111111111Ι 11111111, 1111111111 11111111 111 111111 1111111111.
1111111111111111111111111, 1111111111111111111111111 11111111

151511111 111,

P515i11i151111115 1111111111 111111 11111 51151i55i11111111 11111111
5511 Ο11 11i5 11111111 551 11111111 1111111, 111 11111111 111111 111
1111111111111 11111 1111111 11111111111111111111 0111111111111111111111,
1111111 1111111 1111111 11111 Ρ1111 1111111111 1111111111111, 1111111111
111111 1111111111 1111111111111, 111111 111111 1111111 11111111
11111111111111111111111 pho 8111111 1111111111 11
111111 111111 1111111 511515 1111111111 1111111111, 21

1111511111 11.

111Ι’1 111 1111111111 11111111 (1111111111111111111111111 1111111111
1111111111 11111111111111 1111111111,1111111111 11111 11111111
Ε111111111111111111111 1111111111111111111111111111111111111
1111111111111111111111111111 5115 111111111111111111 ,
111 11111111 (1111111.

11111111, 1111 111111111111111, 111111111111111111111111111.
811 1111111111 1111111111 1111111111 1111111111111111(11111111.
51111111, 111111 11111, 11111111 111111’11111111111111111111111,
1111111 1111111 111111111111 1111111111.

15151111 1.

1155555 1111111111 11111111 5511511, 11111111111111 11151111,
111 11111111 5511011111115111 5515 115111515, 11111111111111111111-
1111,111111111111111111111 11111111 1155 i11111151ge15, 111 1111111111
111111 501551 1111111

O 11111 111111111111 11111111111111111 1111111111 11111.
0111111111,11111111111111111111111111111111 111111, 1111111111 ¹
551 11111111 1111111111. Ο 111111111111 11111, 1111111111

111111111111111111111111111,1111111111, 11111111111111
1111111111111, 111111 1111111111111 1111111, 1111111111 1111111111

 

