ν72 ¹ Hebdomada lv. Ι ‚

661 1116111111611111611161611661611116111116111, 61166,11111111111116111
116 611166 666 611611 61116, sed 66111111 616 61116111111611616 61
111666111161111116 Domini, 11116111 6611111 16111 1111166 1111111
videbatur, possim 61611611, (11611611616166111166 obedire -
111111166611116661 6111116111, 1111111116 66116 116116 1666116111
61116616 6111116111 debuissent 611611616616 1111116111161616111, 11116
11161111116111 161111616, 66 611616111;6 166111111 11116111 1611666
611111111661111111, 1111611611661111116111111111666166, 111

ministros 6 1161166111, 111 1161161166 6166 verbi divini 61 ’

111161611111611,111111166 6611116111 annnorum proeuranles
6111111161661 11116111 116 66111111 661 616116 61611611 611111111166
166111 616111 1111116611666 11111111611111666116 judieii sedere ¹
6111161 sedes duodecimi et jz 611666 616661661111111711116
161661] 1111611111,9 281
Verum 61111111616 qui 6 666 611111, 1161111116, 1111611166116
116111 661116 61166 616116666, 61166 11661661 Ρ666111161111111
1116666111 1111611, 11661116 666111116 61111 16661116111 6161111116
1111 6111616 16111111611111, 1111111 1116 111 66111116 61 11166
1611111111 61166116 1611166 reperio favores, 6111611111161116,11166-

1666111166 9

, 116116 lll.

116 1666116116 11611111111116611616.

1111911111 l. v

Vin 1166111611 1161 116666111111 61111111 6111161116 6611111 16116
6111, 66 6616161116, 611 11116111 6166116116161, 1611616116
, 61611111, 111166 seditiosum 11611111611161116161111111116161111,·
61111111161116166116111961111 1111111116 61611616 61 homines
6116111161111 6661166116161161111111161611611616,11111661.
11116111 66616111111611111611111611161116 61166 666166, redderet
. 6116111 aeternae 1161111161161116 6611661166, 11111116 1611111616
11611 [16611111 1166 oppugnare 161111111661161611116116116116-
.1661611116,’ 16111 111 serpens 66111116 6611116616111 ,
Ρ16661111111111 1166 6161 uelud 11161111111161111111111111111166111Ἰ
661161111166611116111111161166166166 111666 11116111 nurui 1166611611-
1116661166116661116161611161611116111161166166116662191,

1 19661166 venenatos 1611166, ex 1111611111 primo 1116111111 .

6111661111111116; 61 6661111116 6161-1116 61 6111111116; 611

 

