182 Hebdomada 1,

0111111111111111111111111111 151115111 111111111111111
11111111111111111111111.111111111111111111111111111111111
111111111111ς 11111111 11111111111, 111111 11 11111 1111111 111
1111111111111111111111111111111111111111111111111111111111111111
11111111111111111111111111111111111111, 00111111 11111111, 1111111 1111111
11111111111111111111111 11111111 111111» »11111111 1111111111
5111101111115111 11111111111111111111111 111111 011515111115- ,
111111 11011115111 150 5,15501 111111111111111111111111111111111

F5115 111.

5105111 1111111111 (1111111111111 11111111.
11111. 52, 45 5. 511]

11110101 11.

1111 111111111111111 11515505 5P5110 111111111111111111
[11111111111111111

(11111111111111,1111111111111111111111111111111,11111111
11111111111111101111111(111111111111111111111111111111,
1’111 11 1111 11111111 111111111111111111111111111111 1111111111
11111111 ohsequiis. 111111111111111111111 11111111, 11111 1151 ,,
1111, 1111111111· 111111111111111111 P51115 11111111 1111111111
1111111111]1111111111, 1111111111111111111111111111111111111111-
11111111111111111111111111111111111 g1011015115i15111'115011111101 01
1111111111 111111111111 111111. 11111111111111111111111111111111111111
11111111 11111111 11111111111;111111111111 011111 1111111111 1510 01
, 111111111111,111111111111111111111111111111111111111111
1111111111111111111111111111111111111111111111111111111 ’
1110111111111, 1111 111111 551101115115 gradu 11111111111111, 11111
11111111 1111111111 1111111111111111111111111111 1111111111, ’
015111115 00111 111111111111 11 11111111 11111111111111 11111 1111111-
111111

11 11111111111111111111 1111 1111111111111111 1111111111
00115010101 111111,1111 11111111111111111111111119 1111111 1111111111
1111111111 11111111111111 0111051115 1501051111501115 111111-
111111 1111111111 115 111111111111111 1111111111111111111111111,1111
11111111111111 11111 1111111111111111111111 1111111111 1111111-
1111111, ,111111 111111111 1111111111 1111· 1111111111,11111

s 1501515 111111111111111111 11111111 51111110 11111111: 111 111111

1111111111111111111111111111111,1111111111111111111110111111

 

