,311 Hebdomada 1.

11166111, ajo, 1611101661 11610116, impotentiae, debilitatis?
Deinde 606110, 0111001 1101116111 6616116666166600116111616,
0111 111 1166 ptum 16611, 111111111161611611611666661, 0116061116,
16066, contemptus? 0111 11011 6111111601 116616666, 11111 ,111-
611101·111116,11111011016 6116111111 0111611161 611660161111616166611

1161161116111116616111101, 610116, 11011011 16116 001111110-’

01016111 appetentia! 66661 111166 1111111 106 reddit 1100 61111111
¹ 11161116 11101111111161611161111111 Te1 1,610161106111 0110611116,Ἃ
q1101lt 6,16111 1611 1161111166 11611666 1161106611 1161111 116116610616

0011111101611011161 111 60066116 10161 6116 116116616616111 ana-v
01101616166111161111611116,16111 01601111111111616660616661011066
11016016111,11111111111116 61661611106166661116111116161611616-
11611161 111110 1161116166 661 prophetia: Εο00 1101110116
- 161001 1110611101001 01 001010 00100010 1101 6110010010

’ 1101011αο1100 06 (166111101111111666, 01111 1116
ι0011111111610116 001 1116111116 1661601666, 0111 11011 simili 16 pat 166
11111601116, 6666111166, 611166, 60601166 etc. 11 611016110101010161

’1111111111 ll.

01600006001110 01111010111116001016]0601111,01’
8016001000111060010111101111011010011,16 011601
1106601001010610101,06010010111000111110

11111166111661 (1601611116111101101166 111 1100 11110 00611
1666116101 1. 9016100010οῑ 1101166611611166161616111 016
1110011111111661 66011 166111 Filii 10616111 gerit 11166660 010061 ,
,11111166 61“11611101111611111166601111111166601116606 ‘³ .Ρο1· ’
000010100000111111100116661101616161666161116 16011661·
6116611111 111, 111 01160616 ejus 1111661116 0066061111616,1 quae
1111111 pe1² 1111111611·οε 61106 166111 111616 1166661161. 3. (101
10000101.-1 10666110, 611660 totius familiae 66111 11, 11011
61116111166111; 0166616111611161111111 611661, 6166616101

· 1616111616116111 011111 6111111 11111111116116 61 016 1111161111

1116110161616006110106116111,601161161111161111111116111101116116
exemplum subjectionis 61 servandae 611110111166110616.
118001 60010 est 1000010101οθ 'plane 6606611661 01111166
011011 11161 6611661011 111011111116111. 16116161· 1066111 6110 0161606610
61111661610110601111161111661611001611611116111111161111110116
00111616 116 6116611601 1111, 6111666611111611 1116066661 1116. Solum
jubetur 06111111611616 6116111111160016610611610116111. 111111 tt1111²
1611661111 61161 16610116111116111616111, 1601661661 0611161111611616-

 

