136 Hebdomada

1111550 0110111111111 1111;111 Νο111111111110111ί111101111111
1111111111.- 7707777707 111 111111ί1111011 10 1111111 77777777..(L777
7, 37.) 11001105110 (777 1111110111110110115 051 1111111110 1101
11111111 1111111115 negotii 105 051 1··1ονν1111101 11111111 01101010
1111111111115111111111151 0111111111111111111 01111111111151 -
0111111115 11110001] 1111111 11110 11101 01150111101 101 111 1011011011
111110101011151111111011ο11001111111101111551111111011

(1100111111 110011111101101110110105,110000111011111110,011111
77 ego 1101111110111111111011011111, 1101111110111 00111101111111011111.

1010111111, ’

111111 51115 111111110111111 [1010111111 51101110111,11111111111
511011101110111111111011,1111110150111111111101111111, 111’ 01115 1110101 01111
111111011111,0110111 011111111001011111010111115011. 811111111111111,
11111110511115 111111111111011511151152 101111111111101111501111οί11
1511111111.,.11111111110οοῖ15 011011111111111111101111
11111111111111111111111151111111110150111111111110 1111111101
1111111111111111 1111110 1111111 11115 ο 11111101110111

0511110110 1111 1051111011111011111 0 11011051111111111111-
10111ο 11010115110110111 0 110011111011111111 1101115 11111111551111111111
11115111511100,1111111110110111111110 110111 1110111 10110101
1110111011101, 11011111111111 0111111010 0111111011. 11011101 1111111
0110550 11010111 00115111111011111115, 51101011111 1111110111110110111
11011 1111 1111111 1111111 111110111111111, 51110115 0111510 111010,
1111100111111111 5050111111 111 501 Ε1 00110 00111115 5150111101,
51 0111111151011111111111110111 001111111110, 51 ’1100051 5111111101
5111ο(100101115111101010111111111111110111101110 51110111111111101
10111051 1110101115 0101151110110. ’

0111111111 111110 010 01111051110511111 051, 11111 Deus, 7777
501111111001101111111115011111111110101 111111100111110101111010
’ -110511111111110151101010111,1111111110105111011115 (1115111111
11111 1111111011101111 ,1111111011 011111 11011111111111111 1101001010
11110110111110150101111 1111111 7777770, 1111011 10011, 51111111
11111105111111111111101ῃο111 110111105511111110110100151051111111110
777777777773 1111111 1010 111111111111101111110111, 1111111 01010
1110 0111511111105 010110011111 1111 111101 1110 111-11011110 1111 777
11011115 01111 carpentibus. Τνν 1111110 111111100001011110111111
777 01110 50501115, 11111 501111101· 0111111115 1000111111 1111111-
10 01110 1101 111111 51011 1500110010 1111111 1111111,11115 1111105, 1011111111,
01110111111111101111111101111015101) 1101111110 11111111111101151,

 

