122 . · ‚ Hebdomada

7773. 81 Epiphaniam inter 01 801110100111111111 pauciores quam 577

hebdomadae 1110111111111101111,111011 (111111101111101111111, meditationes

omitte: attamen ante D07777 01111 7777. post Ρ11110101 111 eas

1011111101111110111111111111111111001111)(11111111111111111 111110111110111
11011111051.

1101111101 8111111100111110.

777 operariis 111111101111111111011.
[7777771. 777, 7. 111.)

77707777 7.

8110111 757 777777 77770770777 l707777 777770777 77'f777777 7705,
11111 1101111011010 7777777 7 70 777 7707 0777707 077'05 7'77 07'77777777 ,
01011111111011011101011101111011111101111111111111110111,
01011101011111111101101100111010111110111000110111111011111111
705 01 1111011’11111100101.11111

Ρ11111111111111 est 1010 D7775 qui 1001010111 facilitate
ν totum 1100 gubernat 111111111011,10 1111110111 familiam.
Vinea 111110σί0010, 0111101001111111011011100011110111111111,
praesertim 0111100111οο1, Ρο110 1111111111101111111 excolenda
obvenit 11111111111111111011, ,11111101111001111111011101110 anima,
0101101111 0111101101 singulam studio 111101111011011111100

0110011111 705 11111 1101101 1110111111,100010 111 0011 0505
11111111101111 110111111111111111 0110101110 0100110111011111011111
7775: 1100 011 011010 perfecta, divinisque ejus 0011111
0110011111.

, 11001100111111110110, 01 quamdiu 1111101111 spirituatem
’ 11111111011111010010101111 111011 11101111111101001100110110111

0111111110 incumbendo? 81111 1111111111 101111 0011111110110101
0111111,111111111111011110 rationis 111111111101110 0111111110

111101111111111111101110111110 11111110 10011111
01001101110010111111100111011101110111110111111111111111111
0101111110101010111101111001111111110101110100011111,0110011110111 ,
10110111011010 0101101111]

1110110111111 D077'7,777 11111111010111101111111101111111, 111
1110 1111111110 101111 11111111 1111111101 1011111101. 8 1111111 011 11101
011101110011111111 11110 11111111, 101 11111011111111110111011
00775777577717 75 57,777 11111101010110011111110111 11111010 1111-
11111 010110 111 11111010 57777775 111 1111011110 1111001111111111,
0111111111 101101 1110 101 111 10111111 11111 1111100110111 1001111, ·

 

