’ 11111 Epiphaniam. 67

11133i1i3 3333113 1111 1111 1111111111111111111 1111111111
11111111111111111111111111111111111111111111111111111 ⁸
1111111 111 1111111111 11111111 1111111111 11111111, 11111111
11111111111111111111111111,1111111111111111, 111 111111111 1111111111
1111111111111 11111111111111,11 1111111111111 11,11111 111111111111111
1111111111111 11111 111 11 1111111111 3331133313 011111i311111
111·111111111 1111111111 111111111111111111111,1111111111, 111
111111,11111111111111111111111111111111111111111111111111 Ν1·
11111111 111111111111111111111, 11111111111111111111111111 1111111111
111 1111111111 111111 11111 1111111111111111111111111111111111
11111111111111111111111111111111;1111115111 1111,11111 1111111
11111111111,(1111111111111111111111111111111111111,1111111111111
11111111111111111111111111111111111. ’

33331111111.

31111131111 1111111 1111111111 11111111 111111111111111111111
3111111111133 133. [111111 111113. 33131111108: 1211311113111111
31'11ssJ333 9111111111111111,1111111111ώέ

111111111111111111111111,1.]1111111111111’11111111111111
1111111111 11111 31333111111311 1111111 111 11111 1111111111 1111
Christum 1111111111,1111111111111111 3113111 3113111 11 1111111111
1111111112. (11111111111111111111111111111111, 11111111111111 1111111111
,1111111111111111111 1111111111111(1111111111111111111 1111111-
1111111ε 91111111111115111111111111

A11i 11111 11111 1111111111 111111111111111111 1111111111111111111
111111111111111111111111111111111111111111111111,1111111111
ii:D01111'111113,331Z113311103·J,1311'111111113. 11111, 31111311 11111111
111111111111111111111119911111111111111,9 (11111111 11111111111111
111 1111111111111 1111111111,9 (1111111111,11111111111111111111
1111111111119111111 111111, 1111111111· 1111111111111111111111
fac. 11111111, 8AJ( ,11111111 3131111 111111 111Ρ11111ε
E1¹11111¹ge: 11111111111111111Ᾰ911’111’;191111111111,11111111φεί111
111 s1311113 f1131'31111113111 33311183? obliv 111'33311'3
11111111111111111111 313313139331103 D31111'111111:3 1111111111

J3JPS3A 43, 23. 811)

1111111111111 11111111111111111111111111111111
3131133 111111111111111111,”’1111111 11111111 1111111111 1111111111
1111111111111111·11111·11111111111111,11 91111111 3111i31131¹1113111
1111111111111111111111, 1]11111111111,(1111111111 1111111111,
11111111111111,1111111111111111111111111111111111111111

ὁ*

 

