360 Hebdomada V.

11111111, 1111111111 051 contemplandi 000111111: 111 11
1111111111 111111011111111111111. Quies 0111101115 11111111
1111111111 11111111 111111111101111111111111111 apostolicum:
1100 1111101 05501 11101 11 1111111110 1111111111 1111111111
111111111111, 1111001111111111011111110111111111, 1111111111101111111
1111111111, 111 515010 1115' 111 1110111111111111111111111111111
1311101111111110111111111111111110,11011 11111111111111011111111

11111111111101111111111111 1111111111 01011 11111111111111111111111.

Τ11,1111111113111111111111011111111111111111111111
111111111111(111111111111111111111111 111101111 011 tionis, 11111
11111 5050 011111111011111111111111 1110111110111111111151111111111
mihi gratias concedas, 1111111111 11111111 111111 11111111
1111 11111111 1111111111 11111111, 1111111111 11111111111111, 111-
111111111111 111111111110111111011,111111111111 10111111
0011510111151 1111111111111111111111101111 1111111111111
5110111 101111010111111111111111115 1111111115111111,11111111111111
11111151101 judex, 0111111111 11111111111,1111 1111 1111111110
5111011111 1111111 1111111110111111111111111 1110115 1111 1111 '1001111 11-11
11111111 01111111101111.

111111 111.
(1101111111 01111111 111 101111111 1111111111.

1111111111 1.

Quis 1111111 1101111 11111111 1101111111 11111111111111111111
01111111 10111111 ingredientis 11111111111111? stipatus 1111
0111111111 1 11111111 11111111 1111111111, 1111111111 1111111111

- 11111111111111111101111111 11111111111111111111111, 015 1111111

5111 11110115 11111 1111111111110. 111 11111 111111111111111, 111
111111111111111 Asce²11d011s (01115111511 111111 1111 111111 1'1111111
1111111 1111111111111 1111111111) Felix 111111 1111111
1111111111 1111111111 1111111110 1010 1111110 0111111 10111 1111111111
100111115 11111111 1111011 1111111 10011011011: D1'g11115 051
Ag11 1111, 11 1111111111111 11001'11010111'111 110111 0101'01'111'1011 010111
1111111111 111111 0 1s0111' 1111111'110111 0111101111100111 11 11111 11111111
111111111111111111111111111111011111101111111.[111111ὸ”1,121
511111111111111111111101111111111111111101111111111811
1110111 1101111 1111111111, 1111 1111ἱ 11105: 1131111111ιεῦ1
1111'111110. (15111101 Q1111111 1111 11111111 1111111111111111111

 

