444 Hebdomada 111.

51111105 51111111111111111111111115,15111 111111111111115
111111111111111111111111111111111111 111111111111111111111Ρ511 ’
111421301233 11011111111111510110111151111515.
11111 3g3 ampli 1551111115 1113 31431311143 4133 p1311'14311413 cujus
4313 411311343114 111111111511·(,111111111111111151111111111111511
51111111Ἡ111111511111Β1,11111110111100111111111111111111111111
Ἰ 11 111111 3311143111 q1131143 113111111 143334 144411111‚ 1133 s
Α 1111 1113 51 001 ⁴334 1115011 1411144113 4113 3111344414431111111.

F 3143 IV.—

christus 51111( (111111151111111 11111115.
(vide supra pag. 111.)

F3143 11.

115115 31114141434 11111'31111313.
(4434441. 14, 23. sq.)

13131111111

0011111111 1115115 1111511111 11105 11511111 111111 1111111 1111111111111
1111111111111111 111111 ⁴131sffl⁴4fh111111⁴4pS3 31143111 1111111551
·’ 1111111 1511111111 111111 501 115 011111. (111111 q1131⁴4 3111

1011111111 4311111334 511111111111111111 1111101111111 111111111111
1111111115· 11111 1111111 3311413111'113113114113.⁴

41434143413113 113111431311143. 1. S1g11311143411343
111101 0111101115, 34114114411111113331p3113g311144 1113114341311- '
11114443,111 1010111111111110111101115511111110,1111115515
311111 3313 1151 1111115 443111 j1e1⁴333311111413 (1111511 111
313443113 1131 33343111 41143g1⁴3111 11131411343 S41134 101 013-
4431143131113131131110 51111110101115 1115111111101111111111111111,
11151 311134 5011111 141411311 34 31141114 334433443113111 ’

’ 0151010,11011111111111111111111111111110111101115115011-
1111115151111151111151111111911011111111111101111111111

14.0333 113 51 1111114 0111111111111111111 1111111051 01115011110111111 ’

111111111111111111111151110110111111111111110111101110111011115
0111511, ς11111111111111111,11151111111111111111151111111111111111 ,
0111111112. 110101· 111051010111111, 33331141113 31113gis414 434313

 

