, 9111111111111111.

0111111 11111111 11111111 1111111111 11111111111111 11111, 1111111111-
111111111111, 11111 1,11111 111111 usquead 1111111111111111111111111
11 1111111111 qui 11111 11 1111111111· 1111111 suh pedihus
1111111111111111 11111111 0111? 1111111111 1111111111) 1111111111111111,
11111110,111111111111111111111111111111911111111110111111111111
11111111111111111111 1111111 plusquam 1111111111 1111111111111
111111111 1111111 111111111111111 sune atrocissimas silendo 1111111εὲ
possimne deinceps 111111111111 1111111111 111 11111111 ,11111-
1111111111’ 111111111111111, 11111 oenus 11111111 D01111'11u111 11111-

11111111111111111111111111111111111111111111111 0111111111111111
111 1111 1111111111 1111 1111111111 Ρ111’ 111 111111 1111 regie 1111
dieis: Fumues peccatone 111111111111111111111111.·1111111111
11111111111151111111111111111. (1311111161)

1111111111 11111111111111111111111111111111111111111111.
11111111 111111 1111111111111111 111111111111111111111111111
11111,1111 1111111 1111111111111111111111 11111 1111111111111111111111111
1311111 1111111111 0112 ’111111 [1111 1111111111
1111111111111111111011. 11, 1,) 111111111111111111 manifesta
11111111Ὀ 01g· 1111111111 dedisti.

1’11101011 111.

Τ11111111111111111111111 ualido magius
(11111111215611

111111( 1111 11111 1111 1111111111111111111111111111 post
111111 11111111 U011110 111111111111111111 11111111111111111
1111111111111 111111 (11·111111111111111, 1111111111111111111·111111111-
11111111111111111111111111111111111111111111111111111111111111111111
[1111111111111111 1111111111) 11111, quos 111111111111111111111,

1111111111 1111111111111, 11 1111111 111 1111111 111111, 111111111111
11111 1111111 cibus, 1111111111111 001101111111101251110 11

111111111111 1111111111 11111111 Τ11111 1111111111 [thusum 111111 »

1111111111111111111111Ρ111111ῑ1 111101 11111111 1111111111
1111ς111111111111111111111115111Μ111Ρ111.87,91
111111 11111111111111 11111111111111111111111111’
Quis 111111111111111111111 111111111111111111111111111 1111111
1111111 aueo 11111111111111111 qui 1111111111 111 11111111111111111111111
adhaerent, 111 1111111111111111111111111 Numquid 11111111
1100 1111111111111111111111111111111 11111111 {lesus 1111111111
1111111 11 111111111111111111 111111111111 111 1111111111111111111111
11111111111111111911111111111111111111111 [11111111111111111111 ·

 

