Hebdomada

1111111111, 66 D6'111i1111111 111111111111111111, 11111111 1111111
11111111 1111111 61111616: 66 1111 111111111111111111111111111 111
1111111, 11 11111111 111111 6116111 1111111 1111111111111111111
1111111111 1ς111 111111111111111111111111,1111111111111111111111111111,

111111111111[1111111111111111111111111111111111111111111111111
’ 11111, 6663 111111111111111111 1'11666116661116660
6011611161161' 66111, 61 6011666 1616 601601 116111111 661661161

1111111111 110, 18.) ,

Μ11111111111111111111111111111111111111111111111111,
111111111111111111111111111,11111 (1111111111111111 11111111,
11111111111111111111111111111111,111111111111111111111111111
, 1111111111111111111111111111 1111111 1111111111. Ρ1111111111
1111111111 11111111111111111111111111111, 116, 611111 111 11111111
6666611 1111111 11166, 66166'1161166 1116 (1311171191, sed
11111111 gratia 111111 111 1111111111,-11111111111 111 finem
1'1166gloriosus1110111111meorumqueh0611111111161016010116111,
1111111111111 1111111 1111111111, 1111111111.

161611111 ΙΙ,

. 1111111111111115 1111111111 6061111116 11 1111111111 11111111
111111111111111 1111111, 111 111611116 Patris 61111111 111111111111111
1111111111111111,1111111111111· (111111111111 11111111111111.

No 1111111111 1111111 6111'11'11 6111 61111111 60111111611611161111,
11111111111111111111111,]1111111-11111111111111111111111111
61111111 111111111111111111111, (111111111111111111111111111111111111
11111111111111111111111111, 1111111111111111 11,111111 1111111111111111
11111111111111111111111 1111111 1111111111111 1111111111

1111111111 11111111 11111111111111111111111111111111111111111111111

D60 1111111111111111,1111111’1111111111111111111111111111111111,
[11111111111111111111111111111111111111,’1111111111151111111111111
1111111111 111111 111111 11 1111111111.

1111111111,111111111111.1111111111, 111111111111111
Patris 1111111111 11 commendes 11111111 11111111 1111111111, 11111
111111 (11111111111111111111111111111 1111111111 11111 1111111- -
1111111111 6ff110616 poteris 111111111,11111 111 111111111111111·
1111111111111111111111111111 1111 1111111 11111 111111111111111111,
1111111111· 1111111111111; 111 11111 11111 111111 11111111111111111111
111111 11111 8111111111Ρ1111111111111111111111111111,1111111111
1111661 111111, 11111111 1111111111, 1111111 11111111 116 11111 1111111111
1111111111111111111.

 

