168 Ι1111111111111111

11110115111111111115.1111111111111111111111(111011111111551111,
111111111551,111111115111115511111111111111111115.111111111111
111110 1111111111 111111 1111111 51111111111111111 11111, 111 111151110-
11111151111111111111111 1015111111 11 5111111.

F 0110 11„

y 1110111111111111 111 1111111111111 00111111111111. ,
(Luc. 21, 2151.)

101111111 1.

Simul 11111111 0111151115 1110510115 1111111, 51 1011111 11110
0 1101 5110 1,·101111111111111111111101 0 511111111115111111111151011
1101111111 11111115 0110 1110111'0 1'11011 eos, 0011 00111
01'110101111 esse 1111111011 11 110001011110100111111 10g1
1010111111101. .

S1ff1¹1111 11110 11011 1111111111 sp1'11 ’1115 1111111101115 11
0511111115110110111111, 1111111115111111051010 00111 111 001110 01101111

51111111111111110 1150111111011, 11111101101110111111011151111115
5101115 [11111511 1111111111111111111 101011011 51111111 1111111
1111111115 11101111111111111111111111115ᾐ11111111111111101111111111
111111111111111101111111111101151111515111111111155111111010
’501111111111115111111111 1111111151111151101111111111111111511
111111101100 0011111011111 11011111 ”

11111 111111111111, 1111 111111111 15111101111111111,1111111111 ’
1111105111111111111115,111111111111111115111115111111151111111-
11111111111111111111111151111110111 111111100 1111001011 00:0111 101111 11001110
1111111110 0011 1111111111 Q111'1110j01 081‘1111 1101115 1111115111
100110 1111011111 1111111,]11115111111111110 010111'11100-
115501 1,51 511111 1111111111101001 11110111111ψο11011110111111111 ”
v131101111010 11011011111 11111 10100011101100110101 111111111111111,
1111111511 011115 1010 00 111111111111111 1011511 11115111 11011 1111 11115111-
111115511111111511111111111111111111115,5111111011111115111111111115Ἰ

= 511111111111111 0111111111. ’

Quantas 11111 3111115 1111110, 0115111110 111111 5111111111
111511111110111 11 1111111110 5111111111111 111 111 111115511111
11111111111111111111111111115101111111111111101115111111151,
11111111 111111111·11111111 11111111111111,11111101111111151111111511- ,
11111151111111551115111111501111111,115111151111111 1111111105

 

