’ Hebdomada 11. ⁴
101011111 11.
> 1114 altem 11111111 11 4055111 5111111110 mane 11311551 ,,
544444 4444 J011 4454144 44 4444444444445 44544444. <Et post 4444444444( >
44444444 (44444444 44444444 4444444410, 54444 4444444 44444440 doc 4444444, ·
’4444444444 4444 444145 44 4444440341( 444444 405· 44 4444444445
4444444444( 5.(4444 , ’

Perpedde 1. quamdiu 44505 tuerit 1111115515( 2. ((111
1111511105( 3. quauta (11111115 laetitia 1000ptus. .

1 411111551001111511511, 1115401111 11111111141111011 1101111111(
1111010115111111111(515515140111111(11511111111111105
(1111((11141111((((11111 1411111 15511111( (1115115114114111111110
505111111411111110.((11101111111011151511111111111141115114·
11111 0110111 111141105511.

Caeterum hodiernae amissionis 111151 41111111 110111
,11515105 sperare, tempus 1111111 1115 et (15501111111011111111011 ·
, (11(1 du1atu1um L01100 1110101 estD0115.q11a11111td111
affligat( ((1105 amat 81111141 tumificahit 44145 post 1105 Ἰ
44445,Ι 414 4444 4444444 54454444( 444444 45 44 4414444454440 45144444(

(445(051. 6 312. 1114111 ((5 tuit 1151151444 44444044 01101111 (01110
(1’11111110111541101141101115(44444404044481115111( 0001

111114511115111 t01p10fa11as111u11d1 11111115 (1154444 4

444444 4444 54444444 444 44444444 44444444 4401011 28, 13:1111
5151011101111111115,400011110115511. ¹S'05'11011sasm11011t11-
1511111111411111111115141111111151(1(1011(((1111111,- 110111111(1111’1151

1011115 (Ν111111 1111101111, aut ma mea eum (11(115 11141111( 101⁴ =

11110010 1110 11111111115111150111(1111111,1115115111101111101110 010-
1101115111(1141110(11111511011111111155(11(11((11115,(((1105])14115
11111081111111151101101111551111141111145 3111111 1111111110
4450 (11111115 (1111((1111111111111 (1111111115 (101011, 1111115
amissione 001100pto. 1111111 fede contigit 11111114, matu
(’(1111011511141114, quae 11111 absentiam flebat (4444444444-
144444445 1444444445. (1011. 10, 1.( 11111111511111111, quem
11101tuum (1511411111,1111111114(41101010014111,4044444444
(14444 11111111'0. ·

P011 10 1111111150110145 (01111115 motu ((5 summa d 50
110111 moderabatur D0tpa1a, 11100 naturali (1111110111111
111111 111111 1(111111(1 50 11111(41(111551,1111111114 spiritu
(5111111110,(((101111111111554111111111111,1((111110410111411
(1114111111 111110 11511111 (11111111111111411111111 111 applausu
honorabant. G1at05 agebat 1100, ((1110( 111111 51111 11111111-

 

