Hebdomada

F5115 11.

J55155 555551115111 ungit 1111111111.
1151-5. 11, 3. 111.)

1515111111. .

11111 11 551515512555555 11111111111111111111111’111 11111111
51110111111111011,1111111111111111111111111111111111111111
1111111111111110111111111111111111111110111111111111
1111111111 111111111111111111111111111, 111 11111111 hodie
1111111111111111111111111111111111111111111111111111111111111111111111
1111111111 conversionis 1111111111111 1111111 11 11111111112111111
11111111

1111111111 11111111111111111111111111111111111111111111-

11,(1111111 11111111111111111101111111111111111111111110111101
1111111111,1111111111Ἂ111111ο111111111111111111111111111111111111
1111111, 11111111111111111111 111111111111 111111, 1110111111 111111 111111 111-
115g51 1,ο111 U11g555511n 111111110 1111111111 11111111-
111111111111111111111111111111111 1111111111, 11111111111111, 1111111
111111111111111, 111 111 11111111 1111111111 111111 11111111 1111
111111111111111111111111’1111111 111111 ficta, (1. Τ1111. 1, 111 f
505 1111g1115115 11111111 1111 11111111 nng515 1111111 011111111
111111111111111111111,11111111111’1111111111111111111111111111111111-
111111 11111 11111111111111111111,1111111111,111111111111111111
1111111111 111 1011111111111111111111 (11111111 ejus 111111111111111,
Ο 1111' 11111, ’1111111111 1111111111, 11111111 111111111111111111
11111111111111111111 511! 111 111111 1111111111,1111111111111111111
¹ 11111111111111111111111111111111111111111 11111111 111111111111111
1111111111 1111 111 1111111111 1111111111 1111111111111ε 11111111 51g0551
111510 11111 ionis Tuo 1111111 1111111111111111 551105155 11111-
1111111; 1111111111 51g0 501111'115 11111111 55. 1111111111 111111 1111111
111 11111 1111 111, 111 15111111 5 11 1111111111111 1111 1111111 11
’11111111111111111111111111111111111111111111,1111111111111
11111111111111111111111111111111111111 11111111111111111111 v
11111111111111, 1111 11111111111111111 1111111111111111111111111111111
111111111111111111 11111111111111 111111111111111 1515 ,1111 (111111111111
1515 155 sublevando 11111111111111111111 111111111111111111, 111

111111111111111111111 11 11111111111111 55g1105551n, 1111111111,
1111111111, Ο 11111111 f511555551501¹111511111‚ 11 111 1111110111
5111111111 1011111111111111111111111111111111111111111· «-
1111111111 11111111 1111111, 1111 11111111111111111111111, (1111111

 

