262 Hebdomada

judicaturus 01 mortuos. Trrno 101001 1000101 000001010111010
est: 000 0110111100011111111110100 0001 gloria sua: 1010000
merendi exspiravit 00 demerendi: 000101000100110011004 ν
1010111 1010 0010010100 esi: 11011110111000, 000010 0010101100.
Ο 1011111111 010100 bonis, terribile impiis!

001101 110010 1110011111110111 101101, 110111 01000 10 011101110
10011010 001010 ,00010 0000111 1011001001οἔ 110111 ir] 1110
0110011001011010 ad 10010, 0011001010 100 0111110111 1901110
10110100101011100110010101010001,11110 0011101101101 110-0

01011101101010 11110000011111110, patient 10,1111011111100110110

1111100111101 1000010111 111101 01110101 1111101110 0111111010111010
101100101100000 001110001111100 70001 1111110110 0000101
011001οῑ000 13111111110111111131113011111111111 11101111101111101
0111311111 10113 3111111111101': 1110 11 0010001.Ι 01 addere, 00001
0000110 001000011001 1111'411 111010 1111j1131 ’1100, 011011111121111
111 711 D011 1111'11113 111101 0100100 01100. (11. 111111, 7. 8.]

1101111100 1011001001.

Triumphalis ingressus christiin Jerusalem ’
(11101111, 21, 1. sq.)

PUNGTUM I.

111110 omma 000010101011111110, 001 10000 8011111010,
10111101110100000101100011111, 11111 00010111110110 01100 0101
01001 0111000110οᾒ 101 01 100110 1001111100, applausus e 1001011-
doris 01101010 signa 1110111011000 1011010111. 101 101011
1, 01 0110111 pro 1101110 1001100011010010101100101010011011010
ostenderet, 11101 1111 1111110 001 0111 0000011011 00 1011111 01 0111-
11100 00111012.111011101000101,110011100100 01 1110111100,
01100 000100111111110110010001011 1111011011 0010111 animae
00110 resedisse 00111010100010101 00111 10 0011011011011100

011111111 100011 011010111 11010 1011 010111 1011111100 subjectionem

‚ 1011101001 3. 111 8010110000 urbi 01010000110101, 00 0100

111010111101111101001010010 11011 1111010000 01 11011 paratus
semper 000010010101101001110 0010110 0111111010, 001110110,
01 101101 resipiscere, 10 01011011110010010. 1,111 doceret
γ1100, veram gloriam 0000101010 10 tolerando opprobria

 

